1 0.109527 0.066129 0.059897 0.019355
2 0.262978 0.092339 0.122076 0.029839
2 0.272105 0.216935 0.207644 0.022581
2 0.494581 0.401210 0.564746 0.102419
2 0.515687 0.492742 0.399315 0.039516
0 0.235596 0.158468 0.280091 0.082258
0 0.248716 0.258065 0.416999 0.041129
0 0.828865 0.225000 0.168283 0.020565
0 0.265830 0.722581 0.381061 0.352823
0 0.751284 0.807258 0.418711 0.204435
0 0.886480 0.925806 0.142613 0.019355
0 0.690245 0.132258 0.409584 0.152016
0 0.241871 0.926210 0.281803 0.045161
0 0.737022 0.615323 0.418140 0.158468
6 0.791215 0.953629 0.260125 0.031452