0 0.206503 0.081048 0.329150 0.075806
0 0.183115 0.167742 0.281803 0.075806
0 0.201940 0.254435 0.319452 0.082258
0 0.204221 0.410887 0.324016 0.075806
0 0.189960 0.492742 0.296064 0.079032
0 0.180833 0.747984 0.277239 0.062097
0 0.645180 0.081048 0.310325 0.075806
0 0.647461 0.166129 0.305191 0.079032
0 0.666286 0.335887 0.342841 0.079839
0 0.645180 0.572581 0.329150 0.073790
0 0.635482 0.491129 0.291500 0.076210
0 0.180833 0.333468 0.286366 0.066935
0 0.183115 0.581048 0.281803 0.082661
0 0.645180 0.660081 0.319452 0.078629
0 0.204221 0.669758 0.324016 0.078629
0 0.645180 0.744758 0.329150 0.068145
0 0.626355 0.252419 0.272675 0.078629
0 0.654877 0.414919 0.319452 0.060887
3 0.487165 0.853629 0.432402 0.035081