2 0.490588 0.106452 0.776954 0.133871
3 0.493440 0.222984 0.114090 0.024194
3 0.490588 0.371371 0.152881 0.022177
3 0.496292 0.524597 0.106104 0.016532
3 0.499144 0.675000 0.109527 0.014516
3 0.491728 0.823790 0.108956 0.020161
0 0.220764 0.300806 0.319452 0.141935
0 0.669139 0.297581 0.319452 0.129435
0 0.206503 0.450403 0.291500 0.136694
0 0.682259 0.448790 0.386766 0.134274
0 0.215630 0.599597 0.300627 0.135484
0 0.649743 0.600000 0.300627 0.129435
0 0.225328 0.755645 0.319452 0.145565
0 0.663434 0.750000 0.314318 0.132661
0 0.211067 0.902419 0.291500 0.132661
0 0.669139 0.900403 0.319452 0.130645
0 0.712493 0.829839 0.003993 0.000403
0 0.322305 0.677823 0.003423 0.002419