0 0.281803 0.077016 0.338277 0.108065
0 0.647461 0.090323 0.296064 0.086694
0 0.677125 0.772984 0.321734 0.094758
0 0.265260 0.834677 0.286937 0.035484
0 0.682829 0.226210 0.357673 0.120968
0 0.271535 0.512903 0.312037 0.066129
0 0.657159 0.602823 0.295493 0.025806
0 0.634341 0.700403 0.240730 0.034677
0 0.253851 0.251210 0.290930 0.122984
0 0.667998 0.839516 0.292641 0.025806
0 0.277239 0.410887 0.329150 0.125806
0 0.667998 0.376210 0.311466 0.114919
0 0.265260 0.585081 0.305191 0.067339
0 0.265260 0.733065 0.296064 0.093548
0 0.657159 0.527016 0.295493 0.118952
3 0.229892 0.145968 0.300627 0.020161
3 0.661723 0.304839 0.286366 0.020161
3 0.657730 0.451613 0.294353 0.022177
2 0.294923 0.796774 0.143183 0.021774
2 0.318311 0.331048 0.161438 0.018952
2 0.693098 0.030645 0.233314 0.022177
2 0.707929 0.152016 0.122076 0.018952
2 0.515117 0.665726 0.755277 0.032258
2 0.310896 0.174194 0.219624 0.020968