0 0.277419 0.440852 0.347849 0.149106
0 0.702151 0.429821 0.376344 0.155192
0 0.277419 0.244199 0.366667 0.162039
0 0.302688 0.342716 0.079032 0.019019
0 0.284409 0.631419 0.352688 0.158235
0 0.298387 0.831875 0.361828 0.166984
0 0.345161 0.926208 0.134946 0.019019
0 0.682796 0.234690 0.367204 0.156714
0 0.756989 0.526056 0.124731 0.014074
0 0.734409 0.717383 0.118817 0.022062
0 0.322581 0.535184 0.079032 0.022062
0 0.339247 0.730316 0.101613 0.023963
0 0.730645 0.332065 0.139785 0.012172
0 0.716129 0.621149 0.394624 0.146444
0 0.706452 0.814758 0.404839 0.154812
0 0.769355 0.911373 0.109677 0.021681
0 0.510753 0.809433 0.003763 0.006086
6 0.517204 0.976037 0.697312 0.025105
3 0.532258 0.947509 0.107527 0.038037
3 0.714516 0.944846 0.208065 0.030810
1 0.498925 0.133511 0.114516 0.034994