0 0.267541 0.085887 0.300627 0.112097
0 0.659441 0.121371 0.328580 0.123790
0 0.680548 0.840726 0.342841 0.036290
0 0.616657 0.600000 0.224758 0.088306
0 0.631489 0.221371 0.251569 0.060484
0 0.260696 0.213306 0.324586 0.062500
0 0.240160 0.352016 0.283514 0.055645
0 0.245864 0.775806 0.273246 0.116532
0 0.682829 0.479435 0.357673 0.139113
0 0.244153 0.475403 0.281803 0.114113
0 0.634341 0.293548 0.265830 0.063306
0 0.675984 0.720968 0.343411 0.134677
0 0.240160 0.285887 0.282944 0.066129
0 0.636052 0.350403 0.272675 0.038710
0 0.258985 0.627419 0.297775 0.116935
3 0.243012 0.701613 0.280091 0.018145
3 0.244723 0.397984 0.276098 0.016532
3 0.642898 0.805242 0.277239 0.020968
3 0.246435 0.852016 0.268682 0.023790
3 0.253280 0.549194 0.300627 0.022581
2 0.298346 0.166935 0.183685 0.021774
2 0.687963 0.040726 0.215060 0.021774
2 0.694809 0.392339 0.211067 0.023387