1 0.164516 0.069228 0.046237 0.037277
2 0.562903 0.147965 0.437634 0.129707
0 0.568280 0.246101 0.250538 0.026246
0 0.308602 0.338912 0.249462 0.156714
0 0.731183 0.333207 0.308602 0.140358
0 0.554301 0.430202 0.184409 0.021681
0 0.311828 0.461773 0.362366 0.060479
0 0.704839 0.469000 0.379570 0.048688
0 0.560753 0.506276 0.088710 0.017117
0 0.312366 0.567136 0.370968 0.077216
0 0.737634 0.564854 0.370968 0.077216
0 0.560753 0.624192 0.142473 0.022822
0 0.322043 0.661088 0.381183 0.049448
0 0.727957 0.661088 0.333333 0.042602
3 0.884409 0.700647 0.173118 0.030430
3 0.381183 0.801445 0.348387 0.039939
3 0.798387 0.804488 0.194086 0.029669
6 0.553763 0.846329 0.837634 0.049829
6 0.560753 0.927729 0.772043 0.055534
6 0.293548 0.927729 0.088710 0.002282
6 0.720430 0.817801 0.008065 0.002282
6 0.758602 0.817801 0.008602 0.002282