3 0.306452 0.174211 0.280645 0.018638
3 0.667742 0.238113 0.279570 0.021301
3 0.663441 0.359452 0.306452 0.015976
3 0.294624 0.645493 0.284946 0.015976
3 0.673656 0.121719 0.291398 0.021301
3 0.300538 0.408140 0.282796 0.018258
3 0.663978 0.717763 0.290860 0.021681
3 0.669892 0.475086 0.289247 0.017497
3 0.671505 0.594903 0.298925 0.025485
3 0.300000 0.288703 0.274194 0.020160
3 0.298925 0.525295 0.286559 0.019399
0 0.670430 0.302777 0.297849 0.085203
0 0.295699 0.469000 0.278495 0.084443
0 0.670968 0.181438 0.293011 0.090529
0 0.302151 0.586154 0.298387 0.084062
0 0.295699 0.348421 0.271505 0.084062
0 0.294624 0.232027 0.262903 0.080639
0 0.678495 0.657665 0.318817 0.084823
0 0.291935 0.690377 0.282796 0.056676
0 0.299462 0.110308 0.265054 0.081019
0 0.656452 0.416889 0.277957 0.079498
0 0.682796 0.532902 0.319892 0.081780
0 0.663441 0.086345 0.270968 0.032712
6 0.515591 0.836440 0.540323 0.041461