0 0.230462 0.177823 0.319452 0.189516
0 0.637764 0.194758 0.333714 0.216129
0 0.211067 0.861290 0.272105 0.121774
0 0.247576 0.777016 0.199087 0.026210
0 0.652025 0.344355 0.362236 0.022984
0 0.653166 0.315726 0.169994 0.015726
0 0.652025 0.435887 0.362236 0.087097
0 0.654877 0.373790 0.110097 0.023387
0 0.663434 0.503226 0.217912 0.023790
0 0.647461 0.592339 0.314889 0.137097
0 0.668568 0.693145 0.361095 0.043548
0 0.635482 0.787903 0.318311 0.129839
0 0.667998 0.890323 0.377068 0.057258
0 0.244153 0.429839 0.347404 0.233871
0 0.219053 0.292339 0.188819 0.022984
0 0.233885 0.565726 0.340559 0.024597
0 0.235026 0.670161 0.357102 0.168952
1 0.447233 0.078226 0.112379 0.022984