0 0.215060 0.181452 0.394181 0.222177
0 0.659441 0.095968 0.366800 0.119355
0 0.220764 0.356048 0.376497 0.045968
0 0.659441 0.302016 0.376497 0.158468
0 0.220764 0.749194 0.385625 0.118952
0 0.706218 0.747581 0.432972 0.115726
0 0.216201 0.924194 0.394752 0.076210
0 0.671420 0.924194 0.352539 0.076210
0 0.393041 0.267742 0.003423 0.002419
3 0.224187 0.046774 0.062750 0.030242
3 0.239589 0.314516 0.045636 0.022581
3 0.681118 0.189919 0.042784 0.028226
3 0.804335 0.398790 0.166572 0.034274
3 0.468340 0.846371 0.031945 0.020565
2 0.437536 0.560887 0.517399 0.075806
1 0.829435 0.022581 0.038791 0.024194