1 0.108602 0.085236 0.038710 0.021309
0 0.498925 0.105023 0.049462 0.025875
0 0.264516 0.207002 0.289247 0.168189
0 0.696774 0.210046 0.313978 0.169711
0 0.274194 0.392694 0.417204 0.146119
0 0.708602 0.388889 0.421505 0.126332
0 0.267742 0.572298 0.301075 0.146119
0 0.722581 0.560883 0.365591 0.134703
0 0.423656 0.310502 0.012903 0.002283
2 0.487097 0.305936 0.152688 0.032725
2 0.780645 0.760274 0.022581 0.002283
3 0.837634 0.636986 0.163441 0.026636
3 0.683871 0.754186 0.240860 0.036530
3 0.483871 0.836377 0.713978 0.040335
6 0.376344 0.932268 0.598925 0.052511