0 0.333871 0.088246 0.146774 0.028528
0 0.312903 0.200837 0.352688 0.182959
0 0.323118 0.305059 0.142473 0.019399
0 0.298387 0.410803 0.333871 0.184861
0 0.315591 0.521111 0.104301 0.016356
0 0.301613 0.625333 0.358602 0.184481
0 0.311828 0.736021 0.122043 0.018638
0 0.291398 0.790795 0.347849 0.082541
0 0.692473 0.138836 0.356989 0.118296
0 0.668817 0.314188 0.319355 0.184100
0 0.702688 0.210727 0.151075 0.015976
0 0.660753 0.530620 0.335484 0.180297
0 0.687634 0.424496 0.227957 0.016736
0 0.673656 0.741727 0.366667 0.187524
0 0.670430 0.634462 0.183333 0.016736
6 0.490860 0.856219 0.611828 0.034614