0 0.189960 0.078629 0.371363 0.104435
0 0.655448 0.130242 0.393041 0.090726
0 0.192242 0.187097 0.366800 0.094758
0 0.187678 0.291532 0.357102 0.097984
0 0.195665 0.395161 0.369082 0.094758
0 0.197946 0.498387 0.365088 0.092742
0 0.187678 0.610484 0.338277 0.097984
0 0.212778 0.714113 0.363948 0.090726
0 0.190531 0.818548 0.323446 0.092339
0 0.187678 0.906048 0.319452 0.052419
0 0.621791 0.049194 0.328580 0.052823
0 0.643468 0.237097 0.360525 0.094758
0 0.648032 0.345968 0.361666 0.091935
0 0.642898 0.450000 0.343411 0.089113
0 0.644609 0.556048 0.339989 0.093145
0 0.660582 0.663710 0.364518 0.089919
0 0.648602 0.765726 0.332002 0.095968
0 0.644609 0.874194 0.317741 0.103226