0 0.270394 0.221371 0.371934 0.088710
0 0.682829 0.122581 0.375927 0.085887
0 0.682829 0.318548 0.385625 0.085887
0 0.682829 0.614919 0.385625 0.087903
0 0.659441 0.806048 0.338848 0.085081
0 0.678266 0.420565 0.376497 0.089919
0 0.673132 0.221774 0.366800 0.090323
0 0.253851 0.513306 0.338848 0.087097
0 0.265260 0.610081 0.362236 0.085081
0 0.262978 0.714113 0.357673 0.085081
0 0.668568 0.513710 0.357673 0.087903
0 0.678836 0.708065 0.366229 0.083065
0 0.664005 0.908468 0.338277 0.093952
0 0.270964 0.811290 0.370222 0.084677
0 0.274387 0.912097 0.373075 0.093548
0 0.267541 0.120161 0.366800 0.087097
0 0.284084 0.319355 0.399886 0.079435
0 0.270394 0.416129 0.371934 0.085081
1 0.814604 0.075000 0.030234 0.017339