1 0.556760 0.068548 0.119795 0.033065
0 0.296064 0.646371 0.395322 0.163306
0 0.718197 0.652823 0.380491 0.164113
0 0.291500 0.443548 0.385625 0.167742
0 0.309755 0.550000 0.101540 0.019355
0 0.279521 0.854435 0.371363 0.172984
0 0.310896 0.746371 0.084427 0.022581
0 0.290359 0.955242 0.082145 0.027419
0 0.409584 0.941935 0.002282 0.000806
0 0.739875 0.447984 0.423274 0.169355
0 0.751284 0.551210 0.082145 0.019758
0 0.720479 0.856452 0.395322 0.165323
0 0.744438 0.755645 0.095265 0.026210
0 0.745009 0.959274 0.130633 0.025403
0 0.513406 0.925806 0.007986 0.006048
0 0.511694 0.298790 0.370793 0.091935
2 0.533942 0.229839 0.146606 0.030242
2 0.543639 0.127419 0.701084 0.072984