0 0.208785 0.183468 0.342841 0.092742
0 0.642898 0.225000 0.371363 0.182258
0 0.633771 0.795565 0.352539 0.273387
0 0.211067 0.076210 0.346834 0.097177
0 0.199658 0.294355 0.324016 0.094758
0 0.208785 0.402419 0.342841 0.099194
0 0.206503 0.509274 0.347975 0.088710
0 0.220764 0.618548 0.366800 0.100403
0 0.216201 0.759677 0.357102 0.155645
0 0.223046 0.898790 0.371363 0.093145
0 0.630918 0.072984 0.347404 0.086694
0 0.638334 0.378226 0.361666 0.093548
0 0.636623 0.487097 0.355961 0.093952
0 0.628066 0.593145 0.335425 0.091935
3 0.819738 0.933065 0.111238 0.029435