1 0.137097 0.138456 0.049462 0.036135
2 0.509677 0.170787 0.630645 0.092811
2 0.540323 0.240776 0.291398 0.057056
2 0.538710 0.295169 0.261828 0.040320
0 0.310215 0.391784 0.248925 0.152149
0 0.733333 0.378471 0.298387 0.154431
0 0.540860 0.470901 0.186022 0.026626
0 0.336559 0.509319 0.366129 0.053252
0 0.746774 0.499810 0.354301 0.045264
0 0.550538 0.542031 0.094086 0.024344
0 0.338710 0.599087 0.374194 0.089388
0 0.762366 0.593001 0.372043 0.072651
0 0.550538 0.646634 0.150538 0.027387
0 0.337634 0.692659 0.363978 0.053252
0 0.772043 0.685051 0.388172 0.068087
3 0.796774 0.837581 0.213441 0.036516
6 0.576882 0.915177 0.807527 0.062762
6 0.577419 0.957398 0.828495 0.053252