2 0.283514 0.055242 0.318311 0.024597
2 0.235026 0.285081 0.301768 0.020565
2 0.299487 0.512097 0.194524 0.018145
2 0.276098 0.741129 0.237307 0.015726
2 0.677695 0.169758 0.177410 0.025000
2 0.664575 0.408468 0.125499 0.019355
2 0.658300 0.645565 0.200799 0.024194
0 0.263548 0.167742 0.357102 0.196371
0 0.248716 0.400403 0.338277 0.191935
0 0.262407 0.627419 0.383343 0.195968
0 0.229321 0.809274 0.327439 0.106452
0 0.664005 0.098387 0.366800 0.104032
0 0.649743 0.289113 0.357673 0.202823
0 0.628637 0.524194 0.324586 0.202823
0 0.635482 0.768145 0.338277 0.208065