2 0.314318 0.070968 0.167712 0.022581
2 0.310325 0.298790 0.116942 0.020565
2 0.300627 0.527823 0.127210 0.020565
2 0.292641 0.753226 0.180833 0.021371
2 0.702225 0.185887 0.082145 0.026210
2 0.694809 0.423790 0.401027 0.027419
2 0.686823 0.657258 0.147747 0.020565
0 0.284084 0.414113 0.362236 0.195968
0 0.673702 0.304435 0.338848 0.202016
0 0.682829 0.540726 0.375927 0.201613
0 0.272675 0.640323 0.347975 0.199194
0 0.680548 0.776210 0.381061 0.205645
0 0.258414 0.823790 0.319452 0.110484
0 0.685111 0.115323 0.342841 0.104032
0 0.291500 0.184677 0.357102 0.191532