0 0.305376 0.124002 0.357527 0.088627
0 0.310215 0.217954 0.367204 0.084823
0 0.308065 0.311525 0.362366 0.088627
0 0.310215 0.405477 0.367204 0.087486
0 0.734946 0.122100 0.356989 0.091670
0 0.730108 0.217193 0.366667 0.086725
0 0.730108 0.309243 0.366667 0.082921
0 0.313441 0.497908 0.373118 0.081780
0 0.728495 0.402434 0.373656 0.085964
0 0.313441 0.589578 0.373118 0.085964
0 0.730108 0.496767 0.383871 0.084443
0 0.315054 0.685432 0.376344 0.084062
0 0.734409 0.591099 0.367204 0.089768
0 0.725269 0.685432 0.385484 0.088627
3 0.519355 0.802206 0.109677 0.026246
6 0.525806 0.909091 0.351075 0.025485