0 0.698802 0.141129 0.306332 0.129032
0 0.254991 0.449194 0.313177 0.140726
0 0.253280 0.897177 0.300057 0.130645
0 0.693668 0.745565 0.278950 0.128629
0 0.705077 0.441935 0.313748 0.127419
0 0.265830 0.748790 0.334855 0.134677
0 0.711922 0.592339 0.317741 0.131452
0 0.265260 0.596774 0.333143 0.134274
0 0.330291 0.374597 0.055334 0.000403
0 0.256132 0.295161 0.315459 0.137500
0 0.678836 0.293548 0.421563 0.135081
0 0.276669 0.141129 0.365088 0.129032
0 0.701084 0.897984 0.301768 0.129032
3 0.535083 0.214516 0.079863 0.016532
3 0.532801 0.518145 0.208785 0.019355
3 0.527096 0.066129 0.092983 0.019758
3 0.525956 0.670565 0.139190 0.016129
3 0.524815 0.820565 0.181974 0.017339
3 0.527096 0.368145 0.118083 0.013306