0 0.371505 0.665272 0.240323 0.032332
0 0.687634 0.108026 0.385484 0.056676
0 0.782796 0.713199 0.252151 0.037657
0 0.295161 0.560289 0.383333 0.097756
0 0.707527 0.615063 0.403226 0.085203
0 0.777419 0.545455 0.258602 0.035755
0 0.362903 0.492583 0.247849 0.028528
0 0.357527 0.308863 0.256452 0.030810
0 0.292473 0.384176 0.387097 0.107645
0 0.773656 0.354507 0.253226 0.027387
0 0.294086 0.711297 0.380645 0.048307
0 0.705914 0.434005 0.396237 0.116014
0 0.699462 0.240396 0.400000 0.128186
0 0.291398 0.170787 0.404839 0.162039
3 0.513978 0.806390 0.069892 0.036896
3 0.703226 0.675542 0.093011 0.030049
3 0.698925 0.510460 0.101613 0.022822
3 0.317742 0.457208 0.173656 0.024344
3 0.289247 0.627615 0.124194 0.018258
3 0.732796 0.157474 0.181183 0.026246
3 0.702688 0.319893 0.110753 0.023203
3 0.293011 0.273488 0.127957 0.019399
6 0.511828 0.911754 0.609677 0.050590