1 0.480249 0.094761 0.098753 0.059322
0 0.262994 0.495378 0.302495 0.772727
0 0.726091 0.181048 0.318607 0.184129
0 0.726091 0.633282 0.318607 0.522342
4 0.998441 0.304314 0.001040 0.009245
4 0.998441 0.357473 0.001040 0.023112
4 0.998441 0.382126 0.001040 0.005393
4 0.998441 0.634052 0.001040 0.009245
4 0.998441 0.553929 0.001040 0.002311
4 0.998441 0.583975 0.001040 0.016179
4 0.997401 0.432203 0.003119 0.079353
4 0.998441 0.252696 0.001040 0.006163
4 0.998441 0.274268 0.001040 0.009245
2 0.726091 0.325886 0.318607 0.083205