0 0.208214 0.121774 0.297775 0.087500
0 0.197946 0.218548 0.280662 0.093952
0 0.205933 0.312097 0.282944 0.091129
0 0.593269 0.119355 0.272675 0.093145
0 0.240730 0.406452 0.345693 0.090323
0 0.590987 0.216532 0.276669 0.087903
0 0.595550 0.305242 0.258414 0.091129
0 0.224187 0.498387 0.303480 0.083871
0 0.607530 0.400000 0.338277 0.087500
0 0.219053 0.595161 0.284655 0.091935
0 0.605248 0.492339 0.286366 0.086290
0 0.610953 0.683871 0.265830 0.090323
0 0.216201 0.689113 0.281803 0.093548
0 0.216771 0.781855 0.298916 0.091532
0 0.596121 0.779839 0.266400 0.093548
0 0.220194 0.881855 0.296064 0.100000
0 0.624643 0.875806 0.332573 0.095565
0 0.131204 0.873387 0.078152 0.003629
0 0.616087 0.584677 0.284084 0.089919