0 0.237307 0.095161 0.381061 0.097581
0 0.235026 0.197581 0.385625 0.090726
0 0.236167 0.293548 0.387906 0.091129
0 0.235596 0.391935 0.387336 0.091129
0 0.234455 0.487500 0.385054 0.093548
0 0.235026 0.582258 0.385625 0.089516
0 0.232744 0.677419 0.381061 0.085484
0 0.231603 0.775806 0.387906 0.093952
0 0.227610 0.872984 0.380491 0.094355
0 0.694809 0.098387 0.381061 0.097177
0 0.690245 0.196774 0.381061 0.086694
0 0.690245 0.294355 0.381061 0.090323
0 0.691957 0.391532 0.384484 0.090323
0 0.691386 0.486290 0.383913 0.091532
0 0.690245 0.579839 0.381061 0.092339
0 0.694238 0.678629 0.389047 0.090726
0 0.685111 0.775000 0.380491 0.089516
0 0.687393 0.876613 0.375927 0.096371