0 0.325885 0.277521 0.256518 0.349044
0 0.654562 0.281477 0.266294 0.356625
0 0.321229 0.612722 0.275605 0.245880
0 0.661546 0.612722 0.290037 0.239288
6 0.483240 0.795979 0.505587 0.039222
6 0.429236 0.851022 0.191806 0.049110
6 0.520950 0.869479 0.017691 0.005933
6 0.520950 0.824324 0.017691 0.009229
6 0.534916 0.470995 0.027002 0.002637
3 0.445531 0.802571 0.027002 0.005603
3 0.527933 0.867831 0.003724 0.002637
3 0.689479 0.795979 0.017691 0.005933
3 0.296089 0.787739 0.008380 0.002637
3 0.385009 0.789387 0.129423 0.005933
3 0.436220 0.837838 0.168529 0.022413
2 0.524209 0.473632 0.614991 0.034937
2 0.797952 0.467699 0.017691 0.002637